# anions quadrupole moments e*a
TCNQ:
  xx: -39.897168
  yy: 8.338157
  zz: 31.559011
FTCNQ:
  xx: -40.752871
  yy: 7.902278
  zz: 32.850592
F2TCNQ:
  xx: -41.309151
  yy: 7.19868
  zz: 34.110474
F4TCNQ:
  xx: -43.445547
  yy: 6.657296
  zz: 36.78825
F6TCNNQ:
  xx: -68.215376
  yy: 17.235815
  zz: 50.979561
  xy: -2.799074
  xz: -0.000156
  yz: -0.000067
NPD:
  xx: 66.548038
  yy: -24.34399
  zz: -42.20406
  xy: -7.106605
  xz: 19.825208
  yz: 1.040408
